4 0.35218750000000004 0.2923627450980392 0.17479687500000005 0.1925392156862745
0 0.5137031249999999 0.25099019607843137 0.16364062500000004 0.26831372549019616
5 0.67503125 0.2858725490196078 0.17196874999999992 0.1945392156862745
1 0.23781249999999998 0.4893627450980392 0.15692187500000002 0.10223529411764704
1 0.593375 0.4898627450980392 0.14592187499999998 0.09824509803921566
1 0.747234375 0.4917941176470588 0.15324999999999997 0.1033529411764706
3 0.437125 0.48980392156862745 0.14971874999999996 0.09936274509803918
6 0.190953125 0.6898725490196078 0.16148437499999999 0.24632352941176472
5 0.34965624999999995 0.7250588235294118 0.15876562499999997 0.19556862745098041
8 0.513625 0.7223039215686274 0.16706249999999995 0.17165686274509795
2 0.658765625 0.7355686274509804 0.1465 0.1475882352941176
7 0.803546875 0.6903333333333334 0.16968749999999994 0.25031372549019604