4 0.309796875 0.2729411764705882 0.19229687499999998 0.2061470588235294
0 0.48754687499999994 0.2284313725490196 0.189 0.2910882352941177
5 0.6613749999999999 0.2667156862745098 0.191421875 0.2226862745098039
5 0.307359375 0.7468725490196078 0.18196874999999996 0.21595098039215685
1 0.181515625 0.4886666666666666 0.16404687499999998 0.11739215686274505
1 0.577109375 0.49309803921568623 0.15339062499999995 0.11261764705882353
1 0.740875 0.49104901960784314 0.16287499999999994 0.10852941176470593
3 0.40315625 0.4863627450980392 0.16428125 0.11108823529411771
6 0.13571875 0.7093529411764705 0.17303124999999997 0.27053921568627454
8 0.47790625000000003 0.7466176470588235 0.17785937500000001 0.2000980392156862
2 0.63853125 0.756686274509804 0.156640625 0.1622450980392157