5 0.39318749999999997 0.22686274509803922 0.15340625000000005 0.19467647058823528
5 0.5491406249999999 0.2292843137254902 0.14604687500000005 0.18584313725490192
6 0.710828125 0.20501960784313725 0.13828125 0.2443137254901961
3 0.24339062500000003 0.4151470588235294 0.13737500000000002 0.09097058823529408
1 0.403 0.4173235294117647 0.135359375 0.0965686274509804
1 0.580171875 0.42024509803921567 0.13473437500000002 0.09370588235294122
1 0.727890625 0.4199313725490196 0.13273437500000007 0.08935294117647058
0 0.21325 0.5954607843137255 0.140546875 0.22390196078431365
8 0.35145312500000003 0.6248235294117648 0.13537499999999997 0.15323529411764703
4 0.48865625 0.6292352941176471 0.14010937499999992 0.15833333333333333
2 0.6208125 0.6437941176470587 0.12481249999999999 0.13021568627450975
7 0.75990625 0.5978235294117646 0.14323437499999994 0.21619607843137253