4 0.36075 0.29108823529411765 0.17292187499999997 0.18687254901960787
0 0.51884375 0.2504019607843137 0.15542187500000004 0.2712450980392157
5 0.6823750000000001 0.28765686274509805 0.17465624999999996 0.19871568627450978
1 0.2421875 0.4921960784313726 0.15428125 0.1018137254901961
1 0.6057187500000001 0.4935 0.14051562499999992 0.09819607843137257
1 0.7576562499999999 0.4920686274509804 0.14643750000000005 0.10405882352941175
3 0.446453125 0.4915098039215686 0.13975000000000004 0.0991960784313725
6 0.197796875 0.6961470588235295 0.15884375 0.2530098039215686
5 0.361046875 0.7278039215686275 0.15962499999999996 0.1966764705882352
8 0.520421875 0.7268137254901961 0.16654687500000004 0.1747549019607843
2 0.6676875 0.7381470588235294 0.14526562500000004 0.14508823529411766
7 0.8145468749999999 0.6970196078431373 0.16292187499999997 0.2572450980392156