8 0.354546875 0.2753921568627451 0.18579687500000003 0.19967647058823526
5 0.5682343750000001 0.27584313725490195 0.18237500000000004 0.21576470588235297
7 0.7643906249999999 0.2398529411764706 0.17532812499999997 0.2804607843137255
1 0.236921875 0.4949509803921569 0.1635625 0.11182352941176465
3 0.45776562500000006 0.4958627450980392 0.15746874999999996 0.10756862745098042
1 0.628734375 0.4956372549019608 0.15817187500000002 0.11167647058823527
1 0.7934375 0.4956372549019608 0.15595312500000008 0.11167647058823527
0 0.16625 0.7170000000000001 0.17712500000000003 0.2871274509803923
5 0.355984375 0.7521568627450981 0.17903124999999998 0.22531372549019602
4 0.5358125 0.7568725490196079 0.17560937499999998 0.20132352941176462
2 0.698328125 0.7699313725490197 0.15453124999999995 0.16670588235294115
6 0.86640625 0.7156372549019608 0.16878124999999997 0.2813627450980392