4 0.325859375 0.2559411764705882 0.20029687499999996 0.21764705882352942
7 0.520109375 0.20705882352941177 0.20051562500000006 0.3116470588235294
5 0.7053437500000002 0.2485588235294118 0.20273437500000008 0.2248823529411765
5 0.344640625 0.7549901960784314 0.18276562500000004 0.22549019607843138
1 0.20989062500000003 0.48471568627450984 0.17376562499999998 0.11091176470588235
1 0.6196875000000001 0.4855 0.1716875 0.11561764705882348
1 0.792765625 0.48173529411764704 0.17217187500000009 0.11436274509803925
3 0.43782812499999996 0.4829117647058824 0.16871875000000003 0.10572549019607846
8 0.525375 0.7535000000000001 0.17596875 0.20836274509803918
2 0.6900625 0.7630098039215686 0.16717187500000003 0.16922549019607855
0 0.858390625 0.7072843137254902 0.1731562499999999 0.29198039215686267