4 0.334203125 0.2569313725490196 0.199546875 0.21546078431372548
7 0.5274687499999999 0.20745098039215687 0.19124999999999998 0.3054607843137255
5 0.715046875 0.2511862745098039 0.19612499999999997 0.2291764705882353
5 0.35784374999999996 0.7576470588235293 0.18437499999999996 0.23299019607843147
1 0.217109375 0.4896372549019608 0.17503124999999997 0.1140588235294118
1 0.6321875 0.4863529411764706 0.16201562500000008 0.11167647058823527
1 0.8106249999999999 0.4863529411764706 0.1709062500000001 0.11727450980392157
3 0.452640625 0.48564705882352943 0.16428125 0.113078431372549
8 0.539734375 0.7592156862745097 0.18456250000000002 0.20953921568627454
2 0.706125 0.7678921568627451 0.16935937499999998 0.1709117647058823
0 0.8771875 0.7151960784313726 0.18584375000000009 0.28525490196078435