4 0.324546875 0.24498039215686274 0.19468749999999996 0.2135588235294118
7 0.5158437499999999 0.19869607843137257 0.1881718750000001 0.30845098039215685
5 0.6971875 0.2398921568627451 0.19417187499999997 0.2237352941176471
5 0.332546875 0.7465196078431373 0.18056250000000001 0.22551960784313724
8 0.51515625 0.7422352941176471 0.18215625000000008 0.19225490196078424
2 0.675296875 0.7596764705882353 0.16198437499999993 0.16899999999999987
0 0.8494531249999999 0.7059313725490196 0.195296875 0.2925784313725491
1 0.19753125 0.4774117647058823 0.1745625 0.11601960784313729
1 0.613 0.4793725490196078 0.16245312500000003 0.11558823529411763
1 0.786921875 0.4787941176470588 0.162890625 0.11442156862745102
3 0.430734375 0.4767647058823529 0.163875 0.11616666666666663