4 0.33182812500000003 0.25286274509803924 0.20201562499999995 0.2091764705882353
7 0.526109375 0.20726470588235293 0.18971874999999994 0.29945098039215684
5 0.7034687500000001 0.24729411764705883 0.19664062499999996 0.21755882352941172
5 0.33640625 0.7505882352941177 0.17089062500000002 0.22265686274509794
8 0.5153125000000001 0.7517450980392156 0.1717812499999999 0.20657843137254905
2 0.67884375 0.763686274509804 0.16389062499999998 0.16615686274509806
0 0.8539218749999999 0.7102450980392158 0.175390625 0.28207843137254907
1 0.21103125 0.48312745098039217 0.17275000000000001 0.11268627450980387
3 0.43981250000000005 0.481921568627451 0.16173437499999999 0.11142156862745096
1 0.618453125 0.4829019607843137 0.16023437499999993 0.1122254901960784
1 0.79278125 0.4813529411764706 0.17026562500000003 0.11256862745098033