5 0.36209375 0.24330392156862743 0.156640625 0.18355882352941172
5 0.5153125000000001 0.2503529411764706 0.14548437500000003 0.18600980392156866
6 0.67234375 0.2205294117647059 0.14814062500000008 0.23635294117647063
3 0.21568749999999998 0.4320098039215686 0.13604687499999998 0.08995098039215686
1 0.3734375 0.43226470588235294 0.13395312500000003 0.09046078431372548
1 0.5530468749999999 0.43498039215686274 0.12609375000000006 0.09331372549019602
1 0.698640625 0.43737254901960787 0.12854687499999998 0.0916274509803922
0 0.191140625 0.6091176470588234 0.14059375 0.22419607843137263
8 0.330125 0.6422450980392157 0.14634375000000005 0.16104901960784312
4 0.46901562500000005 0.6428921568627451 0.145703125 0.164921568627451
2 0.606046875 0.6579705882352941 0.12896874999999994 0.13166666666666663
7 0.73740625 0.6110588235294118 0.13843750000000005 0.2203137254901961