4 0.38070312500000003 0.27108823529411763 0.17707812499999998 0.19548039215686272
0 0.550703125 0.2314607843137255 0.170703125 0.28170588235294114
5 0.7114687499999999 0.2682156862745098 0.18120312499999996 0.20718627450980395
1 0.268890625 0.4773039215686275 0.156046875 0.10318627450980392
3 0.47215625 0.4755 0.15145312499999997 0.10082352941176469
1 0.632140625 0.4775490196078432 0.14765625 0.10368627450980392
1 0.78853125 0.47524509803921566 0.15259374999999994 0.10530392156862747
6 0.225109375 0.679264705882353 0.165796875 0.2503921568627452
5 0.38745312500000006 0.709735294117647 0.15881250000000002 0.20042156862745103
8 0.54375 0.7155882352941176 0.16554687500000007 0.18471568627450988
2 0.6956875 0.7233823529411765 0.14764062500000003 0.14422549019607833
7 0.842046875 0.6781470588235294 0.174234375 0.2506470588235295