4 0.36710937499999996 0.28815686274509805 0.17570312500000002 0.18973529411764703
0 0.5332343749999999 0.24902941176470586 0.16435937500000009 0.27099019607843144
5 0.6950937500000001 0.282421568627451 0.17426562499999995 0.19322549019607846
1 0.25121875 0.49000980392156857 0.156453125 0.1011862745098039
3 0.45459375 0.48670588235294115 0.1500625 0.10081372549019611
1 0.613078125 0.48733333333333334 0.14924999999999997 0.09956862745098045
1 0.7628124999999999 0.4898235294117647 0.14684374999999994 0.10454901960784319
6 0.201078125 0.693156862745098 0.16143749999999998 0.2569901960784315
5 0.36323437500000005 0.7218235294117646 0.15803125 0.19468627450980386
8 0.523109375 0.7230098039215687 0.16395312499999992 0.17338235294117638
2 0.6720625 0.7344705882352941 0.14407812500000006 0.1414803921568627
7 0.82090625 0.692156862745098 0.15775000000000006 0.25001960784313726