5 0.379 0.24209803921568626 0.15082812499999995 0.19155882352941175
5 0.532765625 0.24620588235294116 0.15099999999999997 0.18732352941176467
6 0.687140625 0.2170294117647059 0.14045312499999998 0.23970588235294119
3 0.22959374999999999 0.42770588235294116 0.13557812499999997 0.09619607843137255
1 0.38664062499999996 0.42907843137254903 0.13237500000000005 0.09147058823529407
1 0.563109375 0.4299509803921569 0.12839062499999992 0.09071568627450978
1 0.709734375 0.4310686274509804 0.138078125 0.0904705882352941
0 0.19946875 0.6050980392156863 0.13875 0.22203921568627452
8 0.33984375 0.6363921568627451 0.14190624999999996 0.15647058823529403
4 0.481125 0.639313725490196 0.14485937500000007 0.158578431372549
2 0.6126875 0.6561764705882352 0.11648437499999993 0.12884313725490204
7 0.741859375 0.6072156862745098 0.14045312499999998 0.2178137254901961