4 0.31815625000000003 0.1994313725490196 0.20334375 0.22124509803921572
5 0.705078125 0.19399019607843138 0.21056249999999999 0.23320588235294118
5 0.3359375 0.6992941176470588 0.17464062499999997 0.21460784313725498
1 0.19824999999999998 0.43629411764705883 0.17767187499999998 0.11185294117647061
1 0.6144999999999999 0.43703921568627446 0.16218749999999993 0.11466666666666671
1 0.7901875 0.43857843137254904 0.16879687499999996 0.11909803921568629
3 0.4329375 0.43508823529411766 0.16734375000000004 0.10674509803921568
7 0.149859375 0.6675196078431372 0.183671875 0.2813823529411765
8 0.520296875 0.7035882352941176 0.17932812499999998 0.20170588235294118
2 0.673390625 0.7126666666666667 0.1557500000000001 0.15670588235294108
0 0.8409375000000001 0.6640196078431372 0.18890625000000005 0.2851470588235293