5 0.407703125 0.22001960784313723 0.14782812500000003 0.18887254901960787
5 0.5623125 0.22728431372549024 0.14423437499999991 0.1872450980392157
6 0.722671875 0.19623529411764706 0.14817187500000006 0.23942156862745095
3 0.2508125 0.41099019607843135 0.13695312500000004 0.09129411764705883
1 0.410875 0.41365686274509805 0.13831249999999998 0.09787254901960789
1 0.59190625 0.41408823529411765 0.13412500000000005 0.09501960784313722
1 0.74028125 0.41477450980392155 0.13984375 0.09265686274509803
7 0.7688906249999999 0.5932450980392157 0.13964062500000002 0.21754901960784317
0 0.21717187500000001 0.5868529411764706 0.1425 0.21942156862745094
8 0.358109375 0.622313725490196 0.13773437499999996 0.15246078431372548
4 0.5005468750000001 0.6223823529411765 0.14740625000000004 0.1513431372549021
2 0.632203125 0.6389019607843137 0.1295781250000001 0.13221568627450972