4 0.3244375 0.25545098039215686 0.19228124999999996 0.20552941176470588
0 0.50753125 0.21192156862745098 0.17546874999999992 0.29368627450980395
5 0.683953125 0.2522156862745098 0.19264062499999995 0.21524509803921568
1 0.207171875 0.4761274509803921 0.16862500000000002 0.1122450980392157
3 0.4246875 0.47572549019607846 0.160421875 0.10873529411764708
1 0.5983125 0.4777450980392158 0.1590937500000001 0.11008823529411767
1 0.762796875 0.47741176470588226 0.15885937499999994 0.1107647058823529
6 0.15492187500000001 0.6983725490196079 0.17415624999999996 0.2751666666666667
5 0.32421875 0.7336666666666667 0.181859375 0.21425490196078428
8 0.49601562499999996 0.7313333333333334 0.17796874999999995 0.19401960784313735
2 0.659796875 0.7433627450980392 0.16359375000000007 0.15750980392156871