8 0.3333125 0.2814019607843137 0.19826562499999997 0.20988235294117652
5 0.548140625 0.2791862745098039 0.18882812500000004 0.2169313725490196
7 0.741921875 0.24687254901960784 0.1817343750000001 0.2867941176470588
1 0.22132812500000001 0.5010686274509804 0.16509375 0.11296078431372546
3 0.4366875 0.4974607843137256 0.156703125 0.11230392156862747
1 0.611515625 0.49795098039215685 0.16659375 0.1100098039215686
1 0.78034375 0.49590196078431364 0.15924999999999995 0.10754901960784313
0 0.153125 0.7200392156862746 0.180265625 0.28358823529411764
5 0.3469062500000001 0.753078431372549 0.183625 0.2201176470588235
4 0.523453125 0.7541470588235294 0.18385937499999994 0.20094117647058826
2 0.683 0.7721862745098039 0.15534374999999995 0.1648627450980393
6 0.8522187499999999 0.7181470588235294 0.18276562500000004 0.28473529411764714