4 0.363765625 0.2915196078431373 0.17278125000000003 0.18776470588235292
0 0.526984375 0.25245098039215685 0.15671874999999993 0.26988235294117646
5 0.690703125 0.2874901960784314 0.16342187500000005 0.19584313725490196
1 0.248640625 0.4924803921568628 0.154390625 0.10397058823529413
1 0.611421875 0.4935980392156863 0.14145312499999996 0.1037254901960784
1 0.762359375 0.4942254901960784 0.148359375 0.10248039215686272
3 0.44859375 0.4932254901960785 0.14246875000000006 0.10050000000000005
6 0.19984375000000001 0.6977745098039216 0.16171875 0.25865686274509797
5 0.36109375 0.7238627450980393 0.15753124999999998 0.1915784313725491
8 0.5256875 0.7292058823529411 0.164046875 0.17990196078431372
2 0.669421875 0.741313725490196 0.15056250000000002 0.15071568627450982
7 0.8183906249999999 0.6950392156862746 0.1614218749999999 0.25319607843137254