5 0.40628125 0.2251764705882353 0.14939062500000003 0.19440196078431368
5 0.562515625 0.22665686274509803 0.14228124999999991 0.18390196078431376
6 0.7190624999999999 0.20411764705882351 0.15168750000000006 0.24512745098039213
3 0.25175000000000003 0.41399019607843135 0.1341875 0.09023529411764702
1 0.412390625 0.41405882352941176 0.13371875000000003 0.08901960784313721
1 0.590171875 0.41667647058823526 0.14184374999999996 0.09023529411764702
1 0.7379374999999999 0.41937254901960785 0.1328125 0.0956176470588235
0 0.22065625 0.5919019607843138 0.136328125 0.2199803921568628
8 0.35534374999999996 0.6233333333333333 0.13973437500000002 0.1495980392156862
4 0.4988125 0.625343137254902 0.147859375 0.15632352941176475
2 0.629859375 0.6430392156862745 0.13110937499999994 0.1284705882352941
7 0.770109375 0.5964803921568627 0.14567187500000003 0.21298039215686276