8 0.3440625 0.27676470588235297 0.19226562499999997 0.20450980392156864
5 0.554765625 0.27343137254901956 0.17870312500000002 0.21602941176470591
7 0.7487812500000001 0.24333333333333332 0.1752812500000001 0.28470588235294114
1 0.228921875 0.4960588235294118 0.16740624999999998 0.10937254901960779
3 0.44409375000000006 0.49439215686274507 0.160359375 0.1090686274509804
1 0.6181875 0.49635294117647055 0.15815625000000005 0.10998039215686281
1 0.7804375 0.49529411764705883 0.16609374999999993 0.11088235294117649
0 0.1603125 0.7183529411764706 0.175140625 0.28560784313725485
5 0.349265625 0.7531568627450981 0.176078125 0.21722549019607837
4 0.528296875 0.7558823529411764 0.17170312499999998 0.2044901960784313
2 0.68946875 0.7705980392156863 0.1605625 0.1641666666666667
6 0.855703125 0.7144901960784313 0.17406250000000006 0.28242156862745094