8 0.368234375 0.26905882352941174 0.19465624999999998 0.20199999999999996
5 0.582859375 0.2613823529411765 0.183609375 0.2173529411764706
7 0.7814375 0.22781372549019607 0.18021874999999996 0.28450000000000003
1 0.255421875 0.4910392156862745 0.17082812499999997 0.11260784313725486
3 0.474171875 0.4882549019607843 0.15885937499999997 0.10897058823529415
1 0.646 0.4891176470588235 0.1600624999999999 0.10877450980392162
1 0.8106249999999999 0.48749019607843136 0.16828125000000008 0.11510784313725493
0 0.1869375 0.7114313725490196 0.18062499999999998 0.2809803921568629
5 0.37817187499999994 0.7462549019607843 0.17478124999999997 0.222078431372549
4 0.55671875 0.7534509803921569 0.17720312499999996 0.20769607843137247
2 0.7204375000000001 0.7622745098039215 0.16525000000000006 0.1639607843137255
6 0.8873749999999999 0.7104705882352941 0.16889062499999988 0.2829019607843137