4 0.361015625 0.2863235294117647 0.17506249999999998 0.19165686274509805
0 0.5277499999999999 0.24791176470588236 0.16857812499999997 0.2727941176470588
5 0.6893281250000001 0.2835490196078432 0.17759374999999994 0.20366666666666666
1 0.24784375 0.4883921568627451 0.15529687499999997 0.10302941176470591
1 0.610796875 0.4873137254901961 0.14532812499999997 0.1008627450980392
1 0.76021875 0.4881274509803921 0.14940625000000002 0.10788235294117643
3 0.45201562500000003 0.4873823529411765 0.14621875 0.09965686274509808
6 0.20384375000000002 0.6895098039215686 0.16412500000000002 0.24604901960784317
5 0.36295312500000004 0.7213725490196078 0.16603125000000002 0.1963627450980392
8 0.52625 0.7231274509803922 0.16987500000000005 0.18097058823529405
2 0.671796875 0.7327156862745098 0.14037500000000006 0.1434509803921568
7 0.81615625 0.6890392156862746 0.1665937500000001 0.2545490196078432