5 0.36884375 0.24319607843137256 0.155921875 0.18495098039215685
5 0.524109375 0.24280392156862743 0.14989062499999992 0.18677450980392155
6 0.6776093750000001 0.21548039215686274 0.15068749999999992 0.2424607843137255
3 0.227140625 0.4335 0.14145312499999999 0.09303921568627449
1 0.38229687500000004 0.4344019607843137 0.13729687500000004 0.09225490196078434
1 0.565375 0.4327843137254902 0.12692187500000002 0.09031372549019609
1 0.7108125000000001 0.4346666666666667 0.13228124999999996 0.09277450980392156
0 0.20365625 0.6088823529411764 0.142078125 0.22312745098039213
8 0.34392187500000004 0.6391274509803921 0.14123437499999997 0.1564019607843137
4 0.48065625 0.6402941176470588 0.14576562499999995 0.1561372549019608
2 0.6125468749999999 0.6530196078431373 0.12195312499999993 0.12447058823529415
7 0.746078125 0.6083627450980392 0.13454687499999993 0.22208823529411761