4 0.3078125 0.2047843137254902 0.20428125000000003 0.2206470588235294
5 0.690296875 0.2019607843137255 0.19268750000000007 0.23384313725490194
1 0.187078125 0.44181372549019604 0.183265625 0.11625490196078435
1 0.59925 0.4424411764705883 0.158390625 0.11751960784313725
1 0.77171875 0.44291176470588234 0.17014062500000007 0.11531372549019608
3 0.41853125 0.4408725490196078 0.16518750000000004 0.10808823529411765
7 0.127703125 0.6705392156862745 0.17976562499999998 0.2797843137254903
5 0.315828125 0.7000098039215686 0.17021875000000003 0.21455882352941166
8 0.48815625 0.702764705882353 0.17418750000000002 0.19020588235294117
2 0.652609375 0.7151862745098039 0.14987499999999992 0.1615980392156862
0 0.8233124999999999 0.6640980392156862 0.1731406249999999 0.2763333333333332