4 0.35915625 0.2823627450980392 0.17570312500000002 0.19061764705882356
0 0.52459375 0.2428627450980392 0.16098437499999996 0.2736078431372549
5 0.683578125 0.28161764705882353 0.17504687499999996 0.20905882352941177
1 0.24565625 0.4855294117647059 0.15328124999999998 0.10344117647058823
1 0.60840625 0.48696078431372547 0.14587500000000003 0.1025686274509804
1 0.7636093749999999 0.4869019607843137 0.14842187499999993 0.09870588235294124
3 0.448828125 0.48179411764705876 0.15046874999999998 0.10095098039215683
6 0.206640625 0.6896078431372549 0.164609375 0.2573725490196078
5 0.364921875 0.7197058823529412 0.15146874999999996 0.19917647058823537
8 0.52896875 0.7217058823529412 0.16176562499999997 0.17325490196078433
2 0.67503125 0.7296764705882353 0.14606250000000004 0.1443529411764706
7 0.8244843749999999 0.6876176470588236 0.16490624999999995 0.2533823529411765