5 0.37110937499999996 0.22954901960784313 0.1735625 0.19099019607843135
5 0.5297031249999999 0.23065686274509806 0.15642187500000002 0.19149999999999998
6 0.686796875 0.20098039215686275 0.14442187499999992 0.24812745098039218
3 0.23140624999999998 0.420578431372549 0.13335937499999997 0.08867647058823534
1 0.39271875 0.4233921568627451 0.132515625 0.09259803921568632
1 0.573734375 0.42134313725490197 0.12487499999999993 0.0885098039215686
1 0.7245781250000001 0.42168627450980395 0.13843750000000005 0.09600980392156869
0 0.21578124999999998 0.6000588235294118 0.15375000000000003 0.22080392156862746
8 0.35548437499999996 0.6305098039215686 0.13959375000000004 0.15719607843137248
4 0.496671875 0.6357941176470588 0.14201562499999998 0.15752941176470595
2 0.6354375 0.6488431372549021 0.12323437500000001 0.13416666666666657
7 0.770109375 0.5991274509803922 0.14523437500000008 0.2240490196078431