4 0.359859375 0.29687254901960786 0.17464062499999997 0.18797058823529414
0 0.526234375 0.25822549019607843 0.1709843749999999 0.27012745098039215
5 0.686203125 0.29376470588235293 0.17628125000000008 0.20148039215686273
1 0.24646875000000001 0.49746078431372553 0.153609375 0.10164705882352937
1 0.60828125 0.49601960784313726 0.14628125 0.10332352941176469
1 0.7579687500000001 0.49563725490196076 0.15279687499999994 0.09800980392156859
3 0.44879687500000004 0.49730392156862746 0.14195312500000004 0.1043823529411765
6 0.19928125000000002 0.7017549019607843 0.16087500000000002 0.25662745098039214
5 0.360578125 0.7305294117647059 0.16157812500000004 0.1942058823529411
8 0.522734375 0.7290882352941176 0.16639062500000001 0.17765686274509807
2 0.66721875 0.7426078431372549 0.150390625 0.14699019607843145
7 0.8176249999999999 0.7000098039215686 0.17287500000000006 0.2516176470588236