8 0.35139062499999996 0.2810098039215686 0.19159375 0.20482352941176465
5 0.563390625 0.2743235294117647 0.17995312499999994 0.21576470588235297
7 0.760515625 0.23802941176470585 0.18451562499999996 0.2737745098039216
1 0.23279687500000001 0.4965392156862745 0.167421875 0.11045098039215688
3 0.45146875 0.4977549019607843 0.16181250000000005 0.11288235294117646
1 0.621953125 0.4968431372549019 0.16154687499999998 0.11105882352941174
1 0.79125 0.4966176470588235 0.16368749999999999 0.11515686274509802
0 0.16140625 0.7206470588235293 0.17468749999999997 0.2852941176470588
5 0.352234375 0.7557254901960785 0.176359375 0.2187843137254903
4 0.5335 0.7586078431372548 0.17584374999999994 0.20936274509803918
2 0.697703125 0.7720490196078431 0.15329687500000003 0.16791176470588234
6 0.864453125 0.7229215686274509 0.1721562500000001 0.286813725490196