5 0.40965625 0.22633333333333336 0.14920312500000002 0.19235294117647062
5 0.56565625 0.22988235294117645 0.15034375000000005 0.1862156862745098
6 0.717234375 0.20189215686274511 0.15260937499999994 0.23738235294117646
3 0.25212500000000004 0.4133823529411764 0.13734375 0.09565686274509798
1 0.407546875 0.41554901960784313 0.12579687499999997 0.09035294117647055
1 0.593953125 0.4181372549019608 0.13978125000000005 0.09192156862745098
1 0.7405625 0.4181960784313726 0.13360937500000009 0.09083333333333331
0 0.22142187500000002 0.591578431372549 0.145015625 0.22087254901960782
8 0.35765624999999995 0.6225882352941177 0.14882812499999995 0.15404901960784326
4 0.49609375 0.6272156862745097 0.14362499999999995 0.1573039215686275
2 0.6299375 0.6442549019607843 0.12154687499999994 0.1251470588235295
7 0.7640625 0.5953137254901961 0.14032812499999991 0.2163039215686275