4 0.31684375 0.2493627450980392 0.196765625 0.2142352941176471
7 0.51078125 0.20200980392156864 0.18931249999999994 0.3016960784313726
5 0.69071875 0.24263725490196078 0.19504687500000006 0.21630392156862743
5 0.329296875 0.7512745098039215 0.18667187500000004 0.22845098039215683
8 0.515109375 0.7472745098039216 0.17737499999999998 0.19719607843137243
2 0.674765625 0.762 0.169328125 0.1698137254901961
0 0.8460625 0.7103235294117647 0.18246874999999996 0.2886568627450981
1 0.19721875 0.4825098039215687 0.17578125 0.11597058823529413
1 0.60909375 0.4808333333333333 0.165625 0.11002941176470585
1 0.7836875 0.4788235294117647 0.17712500000000003 0.11506862745098045
3 0.42843749999999997 0.4803137254901961 0.17285937499999998 0.11415686274509798