4 0.31842187499999997 0.27100980392156865 0.18821874999999996 0.20657843137254905
0 0.50090625 0.2327549019607843 0.17542187499999998 0.29354901960784313
5 0.682609375 0.2696176470588235 0.187109375 0.21850980392156863
5 0.319078125 0.7464117647058823 0.17648437499999997 0.2141666666666667
1 0.19689062499999999 0.49248039215686273 0.16660937499999998 0.11170588235294111
1 0.5915625 0.49304901960784314 0.14831249999999993 0.10794117647058826
1 0.75725 0.4943529411764706 0.15662500000000001 0.11055882352941175
3 0.417671875 0.4911666666666667 0.16267187500000002 0.10908823529411762
6 0.145046875 0.7136372549019607 0.17234374999999996 0.2744901960784314
8 0.493484375 0.750343137254902 0.17359375000000005 0.1958627450980392
2 0.6500468749999999 0.7630882352941176 0.15012500000000006 0.16251960784313724