4 0.32703125 0.26212745098039214 0.18840625000000003 0.20848039215686273
0 0.507375 0.22244117647058823 0.1729375000000001 0.29680392156862745
5 0.684453125 0.2580294117647059 0.19250000000000006 0.21767647058823528
1 0.199828125 0.4812843137254903 0.16565625 0.10517647058823533
1 0.5958593750000001 0.48575490196078436 0.15589062499999998 0.1091470588235294
1 0.76265625 0.4850686274509804 0.1627968750000001 0.11150980392156863
3 0.42085937500000004 0.48233333333333334 0.16225000000000006 0.11100980392156864
6 0.148859375 0.7057352941176471 0.17259375000000002 0.27830392156862754
5 0.32228124999999996 0.7406372549019609 0.17098437500000005 0.21644117647058822
8 0.494796875 0.7418235294117647 0.18540624999999994 0.1952058823529411
2 0.652078125 0.7561078431372549 0.15746874999999996 0.15669607843137248