5 0.403859375 0.21797058823529417 0.16092187500000002 0.18726470588235297
5 0.56240625 0.2243137254901961 0.15287500000000004 0.18340196078431376
6 0.719921875 0.1978235294117647 0.1575156249999999 0.2465490196078431
3 0.24965625 0.4121666666666667 0.14029687500000004 0.09589215686274516
1 0.410125 0.4136078431372549 0.13568750000000004 0.09300980392156863
1 0.58934375 0.41775490196078435 0.13178125000000004 0.09669607843137254
1 0.735734375 0.4176470588235294 0.13765624999999995 0.094156862745098
0 0.22134375 0.590078431372549 0.14251562499999998 0.22091176470588234
8 0.35928125 0.6196176470588235 0.13881250000000006 0.15074509803921568
4 0.49859375000000006 0.6240098039215687 0.13971874999999995 0.15490196078431373
2 0.626953125 0.6388333333333334 0.12423437499999998 0.12800980392156858
7 0.766078125 0.5949803921568627 0.14315625 0.22033333333333335