5 0.4109375 0.20876470588235294 0.14964062499999997 0.1941666666666667
5 0.570875 0.21393137254901962 0.14543750000000005 0.18646078431372548
6 0.721546875 0.18932352941176472 0.15350000000000003 0.24877450980392157
3 0.24771875 0.40099999999999997 0.13946874999999997 0.091578431372549
1 0.41067187499999996 0.40711764705882353 0.13343749999999996 0.10053921568627447
1 0.5892968749999999 0.408921568627451 0.13784375000000004 0.0943039215686275
1 0.740359375 0.40859803921568627 0.13678125000000002 0.09364705882352939
0 0.212578125 0.5818333333333333 0.14496874999999998 0.22856862745098033
8 0.3563125 0.6157745098039216 0.13971875000000003 0.15543137254901956
4 0.5004375 0.6193823529411765 0.14831249999999993 0.16263725490196065
2 0.6264062499999999 0.6312745098039215 0.12843750000000007 0.12574509803921569
7 0.7658437499999999 0.5871862745098039 0.158984375 0.22288235294117645