8 0.34084375 0.2482843137254902 0.20556249999999995 0.2164803921568627
5 0.5645156250000001 0.2433137254901961 0.19396874999999997 0.22310784313725493
7 0.7688906249999999 0.2066470588235294 0.19987499999999994 0.3113627450980392
1 0.22942187500000003 0.47255882352941175 0.177515625 0.1077352941176471
3 0.4529375 0.47255882352941175 0.16889062500000004 0.11601960784313722
1 0.629234375 0.47307843137254907 0.16490624999999995 0.11498039215686277
1 0.802734375 0.4721470588235294 0.17181250000000006 0.10691176470588236
0 0.16090625 0.7008333333333333 0.18248437499999998 0.29080392156862755
5 0.354375 0.7362549019607844 0.18640624999999997 0.22492156862745105
4 0.54190625 0.7420588235294118 0.17845312500000005 0.21166666666666675
2 0.701375 0.752313725490196 0.16060937499999994 0.17624509803921568
6 0.87221875 0.6994901960784314 0.18864062500000003 0.29018627450980394